3202371835
ciao
0
4569


32987520
8648
4569

from the examples:
112
5624-82
4824
0721/608-4067
10/783--5
1078-913-5
381482
04824

74858409473572920
83372957463903836
10784824

HEAVY LIFTING
352340887193903692613697064
360134806347193903088369544
014266787193903692613697064
48769486193372699519385902
473375885063402369544338608
785571675468133692602697064
806694549804676025134584719
369206755369610190369260701
340702961402960971937251690
427880134546816027193783401
7702727677193461519602719
770272767719327679598719
77023692055719375453428890
6029283302719358986697064
259236906186697064320691719
208490371390643829516354681
9598719376851977023697330
587898860242598669706434034
5270643703695447193553315950
7713039037139064356163402675
306630138077854681390369544
362074602366902719360242590
903088369544340702027852719
8857367686454377028274719
4278801345468160271936024259
716602358369257701369873308
602588905061027193459697064
2544013468834513360295138719
252505733091719378044696014
289845469706436025134584719
97355501909826970643904798
58806160242047193517020694694
77130385132624369544356163402
0807428613458854681390369544
01426678719378340170406869719
9036926136970643703692517719
36925190236954437140272069719
26243695443614825546813360134
771303602406369719356163402675
407694697064371058461386697064
407026023669027193903088369544
9095730870248569017095138719
259236906186697064349082046369
903692613697064377023692064719
7251701957345909083602366902719
52706438830160236690271937064259
2624369544382747193903088369544
30873460226278669719358986697064
527064388301602366902719370642590
77130357376837193482302719390304